2019-05-09 16:15:50.01753812 240,321.5 left
20 229,297.4 left
26 218,280.75 left
32207,287.5 right
39218,324.95 right
44218,321.5 right
48229,321.5 right
53240,321.5 right
59251,321.5 right
64240,304.55 right
2019-05-09 16:16:20.708990
13 240,321.5 left
19 229,297.4 left
24 218,281.9 left
38207,324.95 right
44207,321.5 right
49218,321.5 right
53229,321.5 right
58240,321.5 right
64251,321.5 right
69240,304.55 right
75240,306.5 right
89240,321.5 right
94251,321.5 right
100240,307.8 right
2019-05-09 16:34:04.192301
22 240,321.5 left
34 229,280.75 left
43 218,299.65 left
51 207,321.5 left
55 207,302.45 left
64 207,280.4 left
78 196,263.0 left
87 185,252.64999999999998 left
96 174,294.95 left
106 174,263.0 left
114 163,251.2 left
124 152,294.95 left
131 152,291.5 left
139 141,263.0 left
145 130,250.24999999999997 left
153 119,269.65 left
160 108,276.5 left
177 97,242.49999999999997 left
185 86,276.5 left
198 75,238.7 left
931 64,238.7 left
940 53,245.89999999999998 left
944 42,249.95 up
952 42,244.45 left
959 31,244.45 up
968 31,238.95 up
977 31,233.45 up
990 31,227.95 up
1157 31,222.45 up
1177 31,216.95 up
1186 31,211.45 up
1200 31,205.95 up
1206 31,200.45 up
1212 31,194.95 up
1218 31,189.45 up
1223 31,183.95 up
1229 31,178.45 up
1236 31,172.95 up
1241 31,167.45 up
1249 31,161.95 up
126131,161.95 right
126942,161.95 right
127653,171.7 right
128264,171.5 right
128975,171.5 right
130186,171.5 right
132197,143.0 right
1327108,130.25 right
1333119,140.9 right
1339130,174.95000000000002 right
1344130,171.5 right
1352141,171.5 right
1359152,171.5 right
1365163,171.5 right
1370174,171.5 right
1387185,139.25 right
1392196,130.25 right
1398207,140.9 right
1403218,167.65 right
1408229,171.5 right
1414240,171.5 right
1420251,171.5 right
1497262,171.5 right
1505273,171.5 right
1512284,171.5 right
1518295,171.5 right
1524306,171.5 right
1530 317,164.5 up
1530317,159.0 right
1537 328,159.0 up
1543 328,153.5 up
1548 328,148.0 up
1555 328,142.5 up
1560 328,137.0 up
1566 328,131.5 up
1572 328,126.0 up
1578 328,120.5 up
1584 328,115.0 up
1590328,109.5 right
1590 328,109.5 up
1596 328,104.0 up
1602 328,98.5 up
1609 328,93.0 up
1615 328,87.5 up
1621 328,82.0 up
1628 328,76.5 up
1634 328,71.0 up
1640 328,65.5 up
1646 328,60.0 up
1656 328,54.5 left
1665 317,54.5 up
1670 317,54.5 left
1684 306,66.5 left
1690 295,59.5 left
1696 284,31.150000000000006 left
1701 273,25.40000000000001 left
1716 262,66.5 left
1722 251,38.00000000000001 left
1728 240,25.250000000000007 left
1748 229,66.5 left
1768 218,66.5 left
1774 207,66.5 left
1780 196,66.5 left
1786 185,66.5 left
1791 174,66.5 left
1797 163,66.5 left
1803 152,66.5 left
1809 141,66.5 left
1814 130,66.5 left
1820 119,66.5 left
1826 108,66.5 left
1845 97,34.25000000000001 left
1851 86,25.40000000000001 left
1857 75,39.95000000000002 left
1865 64,66.5 left
2019-05-09 16:35:57.290186
653 240,321.5 left
671 229,280.25 left
686 218,321.5 left
694 207,314.5 left
700 207,286.15 left
707 196,282.65 left
719 185,291.5 left
734 174,254.75 left
743 163,291.5 left
770 152,281.0 left
777 141,284.5 left
782 130,259.25 left
788 119,250.39999999999998 left
794 108,264.95 left
799 97,276.5 left
804 86,247.99999999999997 left
810 75,235.24999999999997 left
816 64,245.89999999999998 left
821 53,272.65 left
832 42,269.5 left
833 31,269.5 up
840 31,264.0 left
845 31,264.0 up
853 31,258.5 up
859 31,253.0 up
866 31,247.5 up
874 31,242.0 up
881 31,236.5 up
887 31,231.0 up
892 31,225.5 up
898 31,220.0 up
904 31,214.5 up
910 31,209.0 up
915 31,203.5 up
921 31,198.0 up
926 31,192.5 up
932 31,187.0 up
938 31,181.5 up
944 31,176.0 up
950 31,170.5 up
956 31,165.0 up
96331,159.5 right
96942,159.5 right
97553,166.0 right
98264,171.5 right
98775,171.5 right
100186,171.5 right
102197,143.0 right
1027108,130.25 right
1032119,137.5 right
1038130,167.65 right
1045141,171.5 right
1051152,171.5 right
1058163,171.5 right
1065174,171.5 right
1105185,171.5 right
1192185,139.25 right
1197196,130.25 right
1202207,137.5 right
1207218,161.0 right
1348 229,171.5 left
1364 218,171.5 left
1444218,171.5 right
1498 229,158.15 left
1540 218,171.5 left
1568 207,321.5 left
1588 207,290.9 left
1593 196,291.5 left
1604 185,259.25 left
1611 174,251.2 left
1617 163,269.65 left
1624 152,291.5 left
1630 141,272.45 left
1635 130,253.7 left
1641 119,252.64999999999998 left
1646 108,269.65 left
1652 97,276.5 left
1664 86,241.14999999999998 left
1670 75,236.2 left
1675 64,249.95 left
1681 53,276.5 left
1688 42,269.5 up
1688 42,264.0 left
1694 31,264.0 up
1699 31,258.5 up
1705 31,253.0 up
1712 31,247.5 up
1717 31,242.0 up
1728 31,236.5 up
1734 31,231.0 up
1740 31,225.5 up
1746 31,220.0 up
1752 31,214.5 up
1758 31,209.0 up
1763 31,203.5 up
1769 31,198.0 up
1775 31,192.5 up
1781 31,187.0 up
1788 31,181.5 up
1793 31,176.0 up
1800 31,170.5 up
1806 31,165.0 up
181431,159.5 right
1820 42,159.5 up
182742,159.5 right
183453,169.25 right
184364,171.5 right
184975,171.5 right
186786,171.5 right
188797,139.25 right
1893108,130.4 right
1900119,149.65 right
1905130,171.5 right
1915141,171.5 right
1922152,171.5 right
1930163,171.5 right
1947174,171.5 right
1954185,171.5 right
1958196,175.4 right
1964207,200.75 right
1980207,326.20000000000005 right
1992207,321.5 right
2169 207,280.25 left
2182 196,291.5 left
2190 185,291.5 left
2197 174,291.5 left
2214 163,291.5 left
2220 152,291.5 left
2229 141,263.0 left
2236 130,250.39999999999998 left
2242 119,264.95 left
2248 108,276.5 left
2254 97,269.5 left
2259 86,244.24999999999997 left
2266 75,236.2 left
2271 64,249.95 left
2278 53,276.5 left
2289 42,269.5 up
2295 42,264.0 up
2300 42,258.5 up
2306 42,253.0 up
2312 42,247.5 up
2318 42,242.0 up
2326 42,236.5 up
2334 42,231.0 left
2341 31,231.0 up
234731,225.5 right
2348 42,225.5 up
2354 42,220.0 up
2362 42,214.5 up
2368 42,209.0 up
2374 42,206.5 left
2376 31,206.5 up
237831,201.0 right
2385 31,201.0 up
238731,195.5 right
2393 31,195.5 up
2398 31,190.0 up
2405 31,184.5 up
2411 31,179.0 up
241131,173.5 right
2417 31,173.5 up
241931,168.0 right
2425 42,168.0 up
242642,162.5 right
243353,172.25 right
244064,171.5 right
244675,171.5 right
245286,171.5 right
247797,139.25 right
2483108,130.4 right
2489119,144.95000000000002 right
2496130,171.5 right
2503141,171.5 right
2510152,171.5 right
2517163,171.5 right
2524174,171.5 right
2620185,136.15 right
2625196,130.4 right
2630207,140.9 right
2636218,174.95000000000002 right
2865 218,171.5 left
2900 207,297.4 left
2909 207,281.2 left
2920 196,291.5 left
2927 185,291.5 left
2933 174,291.5 left
2943 163,263.0 left
2950 152,250.39999999999998 left
2962 141,291.5 left
2967 130,267.4 left
2973 119,250.74999999999997 left
2979 108,257.5 left
2985 97,276.5 left
2990 86,276.5 left
3001 75,244.24999999999997 left
3007 64,235.39999999999998 left
3013 53,249.95 left
3019 42,254.64999999999998 up
3024 42,249.14999999999998 up
3030 42,243.64999999999998 left
3036 31,243.64999999999998 up
3037 31,238.14999999999998 left
3042 31,238.14999999999998 up
3048 31,232.64999999999998 left
3049 31,232.64999999999998 up
3055 31,227.14999999999998 up
3061 31,221.64999999999998 up
3066 31,216.14999999999998 up
3071 31,210.64999999999998 up
3077 31,205.14999999999998 up
3082 31,199.64999999999998 up
3088 31,194.14999999999998 up
3094 31,188.64999999999998 up
3100 31,183.14999999999998 up
3106 31,177.64999999999998 up
3113 31,172.14999999999998 up
3118 31,166.64999999999998 up
3125 31,161.14999999999998 up
3132 31,161.14999999999998 up
313931,161.14999999999998 right
314842,161.14999999999998 right
315453,167.64999999999998 right
316064,171.5 right
316675,171.5 right
318686,171.5 right
320497,143.0 right
3210108,130.25 right
3216119,140.9 right
3223130,171.5 right
3230141,171.5 right
3236152,171.5 right
3243163,171.5 right
3262174,171.5 right
3278185,143.0 right
3285196,130.4 right
3290207,140.9 right
3298218,171.5 right
3315229,131.9 right
3323240,140.9 right
3328251,167.65 right
3335262,171.5 right
3341273,171.5 right
3347284,171.5 right
3353295,171.5 right
3359306,171.5 right
3368317,171.5 right
3378 328,164.5 up
3384 328,159.0 up
3392 328,153.5 up
3446 328,148.0 up
3506 328,142.5 up
3532 328,137.0 up
3540 328,131.5 up
3556 328,126.0 up
3566 328,120.5 up
3574 328,115.0 up
3580 328,109.5 up
3586 328,104.0 up
3593 328,98.5 up
3599 328,93.0 up
3606 328,87.5 up
3613 328,82.0 up
3620 328,76.5 up
3627 328,71.0 up
3644 328,65.5 up
3654 328,60.0 up
3663 328,54.5 up
3670 328,54.5 up
3677 328,54.5 up
3683 328,54.5 up
3694 328,54.5 left
3701 317,54.5 left
3708 306,64.25 left
3715 295,66.5 left
3741 284,66.5 left
3813 295,66.5 left
3821 284,66.5 left
3864 295,66.5 left
3877 284,31.150000000000006 left
3881 273,25.250000000000007 left
3887 262,35.90000000000001 left
3903 251,66.5 left
3910 240,309.75 left
3973 240,314.5 left
3980 229,283.7 left
3986 218,282.65 left
3991 207,299.65 left
3998 207,321.5 left
4004 207,293.0 left
4009 207,280.75 left
4015 196,287.5 left
4021 185,291.5 left
4027 174,267.4 left
4033 163,250.74999999999997 left
4045 152,287.65 left
4050 141,291.5 left
2019-05-09 16:38:28.529210
33240,280.25 right
50 240,321.5 left
124240,321.5 right
130251,321.5 right
140240,327.3 right
218251,321.5 right
311 251,321.5 left
318 240,321.5 left
324 229,321.5 left
331 218,321.5 left
338 207,321.5 left
343 207,321.5 left
371207,284.75 right
382218,321.5 right
388229,321.5 right
397240,321.5 right
414251,280.25 right
2019-05-09 16:52:34.190479
32 240,321.5 left
40 229,321.5 left
46 218,321.5 left
70 207,281.2 left
148 207,286.15 left
153 196,280.4 left
222 207,321.5 left
231 207,321.5 left
254 207,290.9 left
266 196,291.5 left
319 207,283.7 left
325 196,282.65 left
335 185,291.5 left
342 174,291.5 left
347 163,291.5 left
353 152,291.5 left
361 141,256.15 left
377 130,294.95 left
387 130,263.0 left
392 119,250.74999999999997 left
398 108,257.5 left
413 97,247.99999999999997 left
420 86,235.39999999999998 left
426 75,249.95 left
433 64,276.5 left
439 53,244.24999999999997 left
440 42,241.14999999999998 up
446 42,235.64999999999998 left
447 31,235.64999999999998 up
453 31,230.14999999999998 left
462 31,230.14999999999998 left
468 31,230.14999999999998 left
475 31,230.14999999999998 up
482 31,224.64999999999998 up
487 31,219.14999999999998 up
494 31,213.64999999999998 up
500 31,208.14999999999998 up
506 31,202.64999999999998 up
511 31,197.14999999999998 up
518 31,191.64999999999998 up
524 31,186.14999999999998 up
530 31,180.64999999999998 up
535 31,175.14999999999998 up
542 31,169.64999999999998 up
547 31,164.14999999999998 up
553 31,158.64999999999998 up
55831,158.64999999999998 right
560 42,158.64999999999998 up
56642,158.64999999999998 right
57753,171.5 right
59064,171.5 right
60675,164.5 right
62986,171.5 right
66397,171.5 right
669240,274.75 right
2101 240,287.5 left
2125 229,289.25 left
2135 218,287.5 left
2155 207,280.25 left
2178 196,250.74999999999997 left
2191 185,294.95 left
2200 185,291.5 left
2218 174,260.9 left
2224 163,294.95 left
2230 163,291.5 left
2235 152,263.0 left
2242 141,250.39999999999998 left
2248 130,264.95 left
2254 119,291.5 left
2261 119,256.15 left
2267 108,251.2 left
2274 97,275.0 left
2280 86,276.5 left
2286 75,244.24999999999997 left
2293 64,236.2 left
2299 53,254.64999999999998 left
2307 42,260.0 up
2307 42,254.5 left
2314 31,254.5 up
2314 31,249.0 left
2321 31,249.0 up
2327 31,243.5 up
2335 31,238.0 up
2343 31,232.5 up
2356 31,227.0 left
2373 31,227.0 up
2382 31,221.5 up
2382 31,216.0 left
2391 31,216.0 up
2391 31,210.5 left
2404 31,210.5 up
2405 31,205.0 left
2414 31,205.0 up
2414 31,199.5 left
2426 31,199.5 up
2426 31,194.0 left
2471 31,194.0 up
2477 31,188.5 up
2484 31,183.0 up
2505 31,177.5 up
2512 31,172.0 up
2518 31,166.5 up
2526 31,161.0 up
252631,161.0 right
253242,161.0 right
254153,171.5 right
254764,171.5 right
255475,171.5 right
256186,171.5 right
256797,164.5 right
2572240,281.1 right
2660 240,314.5 left
2668 229,281.9 left
2674 218,284.75 left
2679 207,305.0 left
2731 207,281.2 left
2738 196,291.5 left
2783 207,321.5 left
2793 207,321.5 left
2800 207,321.5 left
2806 207,321.5 left
2813 207,321.5 left
2827 207,286.15 left
2833 196,281.2 left
2839 185,291.5 left
2853 174,250.39999999999998 left
2915 174,278.15 left
2934 163,281.0 left
2948 152,291.5 left
3170 152,260.9 left
3199 141,250.39999999999998 left
3217 130,284.5 left
3223 119,256.15 left
3314 130,291.5 left
3331 119,257.5 left
3352 108,276.5 left
3375 97,279.95 left
3390 97,237.64999999999998 left
3399 86,279.95 left
3406 86,276.5 left
3474 86,279.95 left
3482 86,279.95 left
3489 86,279.95 left
3504 86,276.5 left
3512 75,276.5 left
3519 64,276.5 left
3545 53,237.64999999999998 left
3633 53,276.5 left
3647 42,269.5 left
3656 31,269.5 up
3656 31,264.0 left
3672 31,264.0 left
3673 31,264.0 up
3681 31,258.5 up
3681 31,253.0 left
3689 31,253.0 up
3695 31,247.5 up
3702 31,242.0 up
3709 31,236.5 up
3715 31,231.0 up
3722 31,225.5 up
3728 31,220.0 up
3735 31,214.5 up
3740 31,209.0 up
3746 31,203.5 up
3752 31,198.0 up
3758 31,192.5 up
3764 31,187.0 up
3770 31,181.5 up
3776 31,176.0 up
3783 31,170.5 up
3789 31,165.0 up
3797 31,159.5 up
3804 31,159.5 up
3811 31,159.5 up
3818 31,159.5 up
381931,159.5 right
3828 42,159.5 up
382842,159.5 right
387042,159.5 right
388053,171.5 right
388664,171.5 right
389275,171.5 right
390486,171.5 right
392797,136.15 right
3932108,130.4 right
3938119,144.95000000000002 right
3944130,171.5 right
3951141,171.5 right
3958152,171.5 right
3971163,171.5 right
4005174,171.5 right
4025185,139.25 right
4031196,130.4 right
4036207,140.9 right
4042218,174.95000000000002 right
4059218,171.5 right
4067229,171.5 right
4074240,171.5 right
4080251,171.5 right
4086262,171.5 right
4093273,171.5 right
4112284,131.9 right
4119295,137.5 right
4125306,167.65 right
4132317,171.5 right
4140328,164.5 right
4143 328,164.5 up
4149328,159.0 right
4149 328,159.0 up
4154328,153.5 right
4155 328,153.5 up
4161328,148.0 right
4162 328,148.0 up
4168 328,142.5 up
4168328,137.0 right
4174 328,137.0 up
4175328,131.5 right
4180 328,131.5 up
4187 328,126.0 up
4193 328,120.5 up
4200 328,115.0 up
4207 328,109.5 up
4238 328,115.0 up
4253 328,109.5 up
4259 328,104.0 up
4265 328,98.5 up
4272 328,93.0 up
4288 328,87.5 up
4296 328,82.0 up
4304 328,76.5 up
4313 328,71.0 up
4321 328,65.5 up
4323 328,60.0 left
4335 317,60.0 left
4341 306,66.5 left
4349 295,66.5 left
4362 284,26.20000000000001 left
4368 273,44.65000000000002 left
4383 262,59.5 left
4389 251,31.150000000000006 left
4418 240,66.5 left
4426 229,28.700000000000006 left
4433 218,29.750000000000014 left
4439 207,56.00000000000002 left
4454 196,31.150000000000006 left
4460 185,26.20000000000001 left
4467 174,50.00000000000002 left
4477 163,42.400000000000006 left
4487 152,27.650000000000013 left
4495 141,62.65000000000002 left
4508 130,34.25000000000001 left
4514 119,25.40000000000001 left
4521 108,44.65000000000002 left
4528 97,66.5 left
4534 86,66.5 left
4540 75,76.25 left
4548 75,125.2 left
460875,171.5 right
463986,171.5 right
465397,139.25 right
4700 240,321.5 left
4714 240,321.5 left
4736 229,294.95 left
4742 218,321.5 left
4748 207,293.0 left
4753 207,280.75 left
4759 196,287.5 left
4768 185,263.0 left
4774 174,250.24999999999997 left
4786 163,294.95 left
4792 163,263.0 left
4800 152,251.2 left
4807 141,275.0 left
4813 130,291.5 left
4819 119,263.0 left
4825 108,250.24999999999997 left
4832 97,264.95 left
4838 86,276.5 left
4844 75,247.99999999999997 left
4850 64,235.24999999999997 left
4856 53,245.89999999999998 left
4857 42,249.95 up
4862 42,244.45 up
4863 42,238.95 left
4868 31,238.95 up
4875 31,233.45 up
4881 31,227.95 up
4888 31,222.45 up
2019-05-09 21:53:04.167794
16 240,321.5 left
26 229,286.15 left
32 218,281.2 left
38 207,299.65 left
44 207,321.5 left
49 207,321.5 left
53 207,321.5 left
61 207,297.4 left
67 207,280.75 left
73 196,287.5 left
80 185,291.5 left
93 174,250.24999999999997 left
99 163,260.9 left
106 152,291.5 left
112 141,259.25 left
118 130,250.39999999999998 left
125 119,269.65 left
131 108,269.5 left
136 97,244.24999999999997 left
142 86,235.39999999999998 left
148 75,249.95 left
154 64,276.5 left
160 53,244.24999999999997 left
165 42,241.14999999999998 left
165 31,241.14999999999998 up
171 31,235.64999999999998 up
171 31,230.14999999999998 left
177 31,230.14999999999998 up
182 31,224.64999999999998 up
188 31,219.14999999999998 up
194 31,213.64999999999998 up
200 31,208.14999999999998 up
205 31,202.64999999999998 up
211 31,197.14999999999998 up
217 31,191.64999999999998 up
223 31,186.14999999999998 up
228 31,180.64999999999998 up
234 31,175.14999999999998 up
240 31,169.64999999999998 up
246 31,164.14999999999998 up
252 31,158.64999999999998 up
259 31,158.64999999999998 right
265 42,158.64999999999998 right
272 53,168.39999999999998 right
279 64,171.5 right
286 75,171.5 right
292 86,171.5 right
311 97,139.25 right
316 108,130.25 right
322 119,140.9 right
327 130,167.65 right
333 141,171.5 right
339 152,171.5 right
347 163,171.5 right
355 174,171.5 right
371 185,143.0 right
376 196,130.75 right
382 207,137.5 right
388 218,167.65 right
394 229,171.5 right
401 240,171.5 right
408 251,171.5 right
414 262,171.5 right
420 273,171.5 right
426 284,171.5 right
457 295,139.25 right
468 306,140.9 right
469 317,144.95000000000002 up
475 317,139.45000000000002 right
475 328,139.45000000000002 up
481 328,133.95000000000002 up
482 328,128.45000000000002 right
488 328,128.45000000000002 up
494 328,122.95000000000002 up
500 328,117.45000000000002 up
508 328,111.95000000000002 up
514 328,106.45000000000002 up
520 328,100.95000000000002 up
527 328,95.45000000000002 up
533 328,89.95000000000002 up
540 328,84.45000000000002 up
548 328,78.95000000000002 up
554 328,73.45000000000002 up
561 328,67.95000000000002 left
568 317,67.95000000000002 left
574 306,67.95000000000002 left
583 295,60.95000000000002 left
592 284,27.200000000000024 left
596 273,29.10000000000003 left
613 262,66.5 left
620 251,34.25000000000001 left
625 240,25.250000000000007 left
642 229,66.5 left
649 218,66.5 left
680 207,66.5 left
686 196,66.5 left
693 185,66.5 left
699 174,66.5 left
705 163,66.5 left
710 152,66.5 left
716 141,66.5 left
722 130,66.5 left
728 119,66.5 left
734 108,66.5 left
741 97,66.5 left
763 86,42.400000000000006 left
770 75,25.250000000000007 left
776 64,35.90000000000001 left
2019-05-09 22:11:05.595768
31 240,314.5 left
40 229,280.75 left
46 218,287.5 left
52 207,317.65 left
57 207,321.5 left
63 207,293.0 left
71 207,281.2 left
77 196,291.5 left
84 185,291.5 left
97 174,259.25 left
105 163,252.64999999999998 left
113 152,287.65 left
120 141,267.4 left
126 130,250.74999999999997 left
133 119,260.9 left
141 108,276.5 left
148 97,257.45 left
156 86,235.24999999999997 left
163 75,249.95 left
170 64,276.5 left
177 53,252.39999999999998 left
180 42,247.99999999999997 up
184 42,242.49999999999997 left
188 31,242.49999999999997 up
201 31,236.99999999999997 up
207 31,231.49999999999997 up
213 31,225.99999999999997 up
219 31,220.49999999999997 up
225 31,214.99999999999997 up
232 31,209.49999999999997 up
238 31,203.99999999999997 up
243 31,198.49999999999997 up
249 31,192.99999999999997 up
255 31,187.49999999999997 up
261 31,181.99999999999997 up
268 31,176.49999999999997 up
273 31,170.99999999999997 up
279 31,165.49999999999997 up
286 31,159.99999999999997 up
296 31,159.99999999999997 up
301 31,159.99999999999997 right
318 42,159.99999999999997 right
323 53,163.89999999999998 right
330 64,171.5 right
336 75,171.5 right
343 86,171.5 right
362 97,130.25 right
367 108,137.5 right
372 240,300 right
391 240,321.5 left
400 229,293.0 left
406 218,280.25 left
413 207,294.95 left
420 207,321.5 left
426 207,302.45 left
433 207,280.75 left
439 196,287.5 left
446 185,272.45 left
452 174,251.89999999999998 left
460 163,260.9 left
466 152,294.95 left
472 152,272.45 left
478 141,251.89999999999998 left
484 130,254.75 left
490 119,281.0 left
497 119,272.45 left
503 108,251.89999999999998 left
509 97,254.75 left
516 86,276.5 left
523 75,252.39999999999998 left
529 64,235.74999999999997 left
536 53,245.89999999999998 left
540 42,249.95 up
548 42,244.45 up
555 42,238.95 up
559 42,233.45 left
563 31,233.45 up
576 31,227.95 up
576 31,222.45 right
583 42,222.45 up
589 42,216.95 up
596 42,211.45 up
601 42,205.95 up
607 42,205.95 up
614 42,205.95 up
619 42,205.95 left
624 31,205.95 up
628 31,200.45 right
633 31,200.45 up
640 31,194.95 up
646 31,189.45 up
652 31,183.95 up
657 31,178.45 up
662 31,172.95 right
670 42,165.95 right
670 53,165.95 up
677 53,175.7 right
683 53,171.5 right
689 64,171.5 right
695 75,171.5 right
708 86,171.5 right
729 97,139.25 right
734 108,130.25 right
739 119,137.5 right
749 130,171.5 right
755 141,171.5 right
761 152,171.5 right
767 163,171.5 right
775 174,171.5 right
799 185,136.15 right
804 196,130.4 right
809 207,140.9 right
814 218,167.65 right
819 229,171.5 right
824 240,171.5 right
829 251,171.5 right
835 262,171.5 right
841 273,171.5 right
848 284,171.5 right
854 295,171.5 right
881 306,171.5 right
886 317,164.5 up
893 317,159.0 up
899 317,153.5 up
906 317,148.0 up
913 317,142.5 up
921 317,137.0 up
929 317,131.5 up
936 317,126.0 up
942 317,120.5 up
954 317,115.0 right
958 328,115.0 right
964 328,115.0 up
971 328,109.5 up
977 328,104.0 up
982 328,98.5 up
988 328,93.0 up
995 328,87.5 up
1002 328,82.0 left
1006 328,82.0 up
1010 328,76.5 left
1013 328,76.5 up
1016 328,71.0 left
1021 328,71.0 up
1023 328,65.5 left
1027 317,65.5 up
1030 317,60.0 left
1036 306,66.5 left
1041 295,66.5 left
1047 284,66.5 left
1053 273,66.5 left
1073 262,34.25000000000001 left
1079 251,25.40000000000001 left
1085 240,39.95000000000002 left
1098 229,66.5 left
1105 218,66.5 left
1110 207,66.5 left
1126 196,66.5 left
1132 185,66.5 left
1137 174,66.5 left
1142 163,66.5 left
1147 152,66.5 left
1153 141,66.5 left
1159 130,66.5 left
1164 119,66.5 left
1171 108,66.5 left
1177 97,66.5 left
1183 86,66.5 left
1207 75,171.5 right
1223 86,171.5 right
1238 97,152.45000000000002 right
1246 108,130.25 right
1251 119,137.5 right
1256 130,161.0 right
1263 141,171.5 right
1268 152,171.5 right
1274 163,171.5 right
1280 174,171.5 right
1294 185,139.25 right
1299 196,130.25 right
1305 207,140.9 right
1311 218,174.95000000000002 right
1317 218,171.5 right
1324 229,171.5 right
1329 240,171.5 right
1336 251,171.5 right
1348 262,171.5 right
1355 273,171.5 right
1361 284,171.5 right
1413 273,171.5 right
1420 284,171.5 right
1426 295,171.5 right
1432 306,171.5 right
1441 317,164.5 up
1447 317,159.0 right
1447 328,159.0 up
1453 328,153.5 up
1459 328,148.0 up
1465 328,142.5 up
1471 328,137.0 up
1506 328,131.5 up
1512 328,126.0 up
1553 328,120.5 up
1561 328,115.0 up
1567 328,109.5 up
1575 328,104.0 up
1587 328,98.5 up
1614 328,93.0 up
1623 328,87.5 up
1629 328,82.0 up
1635 328,76.5 up
1641 328,71.0 up
1643 328,65.5 left
1650 317,65.5 left
1656 306,66.5 left
1662 295,66.5 left
1668 284,66.5 left
1673 273,66.5 left
1679 262,66.5 left
1685 251,66.5 left
1690 240,66.5 left
1697 229,66.5 left
1703 218,66.5 left
1709 207,66.5 left
1716 196,66.5 left
1753 185,66.5 left
1771 174,66.5 left
1777 163,66.5 left
1782 152,66.5 left
1788 141,66.5 left
1794 130,66.5 left
1800 119,66.5 left
1807 108,66.5 left
1845 97,34.25000000000001 left
1851 86,25.40000000000001 left
1856 75,35.90000000000001 left
1863 64,66.5 left
