2019-05-09 16:12:27.61885912 240,321.5 left
25 229,293.0 left
32 218,280.4 left
38 207,294.95 left
43 207,324.95 left
47 207,321.5 left
53 207,293.0 left
58 207,280.75 left
62 196,282.65 left
68 185,291.5 left
73 174,278.15 left
78 163,256.15 left
82 152,250.24999999999997 left
89 141,264.95 left
94 130,294.95 left
100 130,272.45 left
105 119,253.7 left
112 108,254.75 left
121 97,276.5 left
128 86,269.5 left
133 75,244.24999999999997 left
138 64,235.24999999999997 left
143 53,242.49999999999997 left
144 42,245.89999999999998 up
149 42,240.39999999999998 left
150 31,240.39999999999998 up
155 31,234.89999999999998 up
160 31,229.39999999999998 up
166 31,223.89999999999998 up
171 31,218.39999999999998 up
176 31,212.89999999999998 up
181 31,207.39999999999998 up
186 31,201.89999999999998 up
191 31,196.39999999999998 up
196 31,190.89999999999998 up
202 31,185.39999999999998 up
207 31,179.89999999999998 up
212 31,174.39999999999998 up
21331,168.89999999999998 right
21842,168.89999999999998 right
22353,172.79999999999998 right
22964,171.5 right
23475,171.5 right
24986,130.75 right
26997,171.5 right
302 240,308.15 left
307 229,286.15 left
312 218,280.4 left
318 207,294.95 left
323 207,324.95 left
328 207,308.15 left
333 207,286.15 left
338 196,280.4 left
345 185,291.5 left
350 174,272.45 left
356 163,251.89999999999998 left
362 152,254.75 left
367 141,275.0 left
373 130,291.5 left
378 119,291.5 left
383 119,267.4 left
388 108,251.89999999999998 left
394 97,254.75 left
400 86,281.0 left
405 86,276.5 left
410 75,247.99999999999997 left
415 64,235.74999999999997 left
421 53,242.49999999999997 left
426 42,245.89999999999998 up
427 42,240.39999999999998 left
432 31,240.39999999999998 up
437 31,234.89999999999998 up
442 31,229.39999999999998 up
447 31,223.89999999999998 up
453 31,218.39999999999998 up
459 31,212.89999999999998 up
464 31,207.39999999999998 up
470 31,201.89999999999998 up
475 31,196.39999999999998 up
480 31,190.89999999999998 up
485 31,185.39999999999998 up
490 31,179.89999999999998 up
496 31,174.39999999999998 up
501 31,168.89999999999998 up
50831,163.39999999999998 right
52342,163.39999999999998 right
56742,163.39999999999998 right
58153,171.5 right
58664,171.5 right
59275,171.5 right
61586,171.5 right
63497,139.25 right
639108,130.25 right
645119,140.9 right
649130,161.0 right
655141,171.5 right
661152,171.5 right
666163,171.5 right
682174,143.0 right
687185,130.75 right
692196,134.75 right
697207,155.0 right
703218,171.5 right
712229,171.5 right
719240,171.5 right
732251,171.5 right
737262,171.5 right
742273,171.5 right
748284,171.5 right
755295,171.5 right
761306,171.5 right
768317,171.5 right
774 328,164.5 up
779 328,159.0 up
784 328,153.5 up
791 328,148.0 up
797 328,142.5 up
803 328,137.0 up
808 328,131.5 up
814 328,126.0 up
820 328,120.5 up
827 328,115.0 up
833 328,109.5 up
840 328,104.0 up
847 328,98.5 up
853 328,93.0 up
860 328,87.5 up
867 328,82.0 up
873328,76.5 right
874 328,76.5 up
879328,71.0 right
880 328,71.0 up
886 328,65.5 up
886328,60.0 right
893 328,60.0 up
899 328,54.5 up
906 328,54.5 up
906 328,54.5 left
912 317,54.5 left
917 306,58.4 left
924 295,66.5 left
928 284,66.5 left
933 273,66.5 left
947 262,34.25000000000001 left
952 251,25.250000000000007 left
958 240,35.90000000000001 left
964 229,69.95000000000002 left
969 229,66.5 left
974 218,66.5 left
980 207,66.5 left
986 196,66.5 left
992 185,66.5 left
997 174,66.5 left
1005 163,66.5 left
1011 152,66.5 left
1018 141,66.5 left
1025 130,66.5 left
1031 119,66.5 left
1037 108,66.5 left
1043 97,66.5 left
1065 86,42.400000000000006 left
1071 75,25.750000000000007 left
1076 64,29.750000000000014 left
2019-05-09 16:14:14.9230652019-05-09 16:15:01.64783720 240,314.5 left
31 229,280.4 left
37 218,294.95 left
42 207,324.95 left
47 207,321.5 left
57 207,286.15 left
63 196,281.2 left
69 185,291.5 left
74 174,278.15 left
80 163,253.7 left
85 152,251.2 left
90 141,264.95 left
95 130,294.95 left
101 130,267.4 left
107 119,250.74999999999997 left
112 108,254.75 left
119 97,276.5 left
124 86,257.45 left
130 75,236.89999999999998 left
137 64,242.49999999999997 left
142 53,266.0 left
148 42,272.65 up
148 42,267.15 left
153 31,267.15 up
159 31,261.65 up
164 31,256.15 up
169 31,250.64999999999998 up
175 31,245.14999999999998 up
180 31,239.64999999999998 up
185 31,234.14999999999998 up
191 31,228.64999999999998 up
196 31,223.14999999999998 up
202 31,217.64999999999998 up
208 31,212.14999999999998 up
213 31,206.64999999999998 up
219 31,201.14999999999998 up
223 31,195.64999999999998 up
229 31,190.14999999999998 up
234 31,184.64999999999998 up
24231,179.14999999999998 right
244 31,179.14999999999998 up
248 31,173.64999999999998 up
25231,168.14999999999998 right
256 42,168.14999999999998 up
25742,162.64999999999998 right
26253,166.54999999999998 right
26864,171.5 right
27475,171.5 right
29286,171.5 right
30597,147.4 right
311108,130.75 right
316119,134.75 right
322130,161.0 right
327141,171.5 right
333152,171.5 right
339163,171.5 right
345174,171.5 right
354185,158.15 right
361196,131.9 right
367207,134.75 right
372218,155.0 right
377229,171.5 right
383240,171.5 right
388251,171.5 right
394262,171.5 right
400273,171.5 right
405284,143.0 right
432295,143.0 right
458306,164.5 right
463 317,158.15 up
468 317,152.65 up
474 317,147.15 up
480 317,141.65 up
485 317,136.15 up
505 317,130.65 up
506317,125.15 right
513328,125.15 right
514 328,125.15 up
520 328,119.65 up
528 328,114.15 up
535 328,108.65 up
540 328,103.15 up
545 328,97.65 up
551 328,92.15 up
558 328,86.65 up
565 328,81.15 up
571 328,75.65 up
577 328,70.15 up
583 328,64.65 up
590 328,59.150000000000006 left
596 317,59.150000000000006 left
601 306,63.05000000000001 left
606 295,66.5 left
611 284,66.5 left
617 273,66.5 left
623 262,66.5 left
631 251,42.400000000000006 left
636 240,26.900000000000006 left
651 229,66.5 left
657 218,66.5 left
662 207,66.5 left
667 196,66.5 left
672 185,66.5 left
678 174,66.5 left
683 163,66.5 left
689 152,66.5 left
694 141,66.5 left
700 130,66.5 left
705 119,66.5 left
711 108,66.5 left
716 97,66.5 left
737 86,42.400000000000006 left
743 75,25.750000000000007 left
748 64,29.750000000000014 left
